time in nano seconds
5000
2000
2000
2000
1000
1000
2000
2000
2000
4000
1000
1000
6000
1000
4000
1000
3000
1000
4000
2000
2000
6000
2000
2000
4000
1000
5000
3000
9000
4000
8000
4000
5000
3000
4000
2000
4000
1000
8000
7000
4000
4000
4000
4000
3000
7000
3000
3000
4000
4000
5000
8000
8000
4000
9000
5000
8000
3000
5000
5000
8000
4000
4000
4000
6000
5000
7000
4000
7000
4000
10000
4000
6000
4000
4000
4000
4000
8000
5000
5000
7000
6000
5000
5000
4000
5000
6000
5000
4000
8000
10000
8000
11000
6000
5000
9000
6000
6000
5000
5000

size of n
1
1
1
1
1
1
1
1
1
1
1
1
1
1
1
1
1
1
1
1
1
1
1
1
1
1
1
1
1
1
1
1
1
1
1
1
1
1
1
1
1
1
1
1
1
1
1
1
1
1
1
1
1
1
1
1
1
1
1
1
1
1
1
1
1
1
1
1
1
1
1
1
1
1
1
1
1
1
1
1
1
1
1
1
1
1
1
1
1
1
1
1
1
1
1
1
1
1
1
1
